13.005997 2.576731 2.984667 
4.534542 2.163580 1.723217 
14.941359 0.943222 5.460209 
9.509770 1.551939 1.667481 
1.100398 2.347613 0.431531 
10.491624 1.841016 6.048841 
13.469202 1.688638 3.502322 
5.088592 2.566975 5.418194 
0.570745 1.253393 5.988531 
7.023482 1.985112 4.744183 
9.934396 0.722094 2.164703 
1.476932 1.536094 4.058281 
11.849894 2.520872 4.629941 
3.428460 2.130766 0.265823 
13.821006 1.959119 3.980581 
8.341519 1.514434 3.299028 
14.753542 2.288555 2.058205 
2.879311 2.109816 2.655328 
1.901357 0.696256 1.424331 
4.860421 1.650423 5.142882 
6.846097 1.211734 4.485888 
13.348010 0.888213 0.122688 
8.783234 0.669632 0.680596 
0.463382 2.802297 5.757901 
9.159925 1.872609 0.174849 
3.601105 1.427008 5.767113 
10.063671 2.182771 1.390916 
5.530713 2.003820 1.964998 
14.008763 1.272487 0.078202 
1.996322 2.153980 3.770970 
4.035019 0.502060 6.276900 
10.482067 2.562145 5.028726 
5.995556 1.255639 5.613941 
12.531543 1.998273 1.259640 
0.433491 0.721791 1.782346 
14.513784 2.945521 0.603975 
1.494539 2.137855 3.040389 
4.472428 1.971402 0.492583 
3.382075 0.446776 2.353888 
6.476683 1.534374 6.133129 
5.373457 2.302182 1.706410 
8.343987 2.117602 5.430903 
7.348954 1.806571 1.048630 
2.934299 1.665285 1.657164 
9.297989 2.494593 0.379834 
3.931715 1.960208 6.043126 
6.885999 0.690742 0.352628 
1.330493 2.477944 5.939460 
7.854278 2.107468 1.582922 
10.727034 0.867136 5.265257 
2.274567 1.635522 0.875404 
12.637054 2.718300 1.439934 
4.268749 1.198487 0.226771 
7.195640 2.073996 3.939336 
6.262924 1.774079 2.711507 
1.699750 1.619286 0.134020 
0.747550 2.445647 5.181728 
2.688528 1.906546 1.371563 
5.708712 1.760205 5.110186 
4.794909 2.719386 0.759542 
0.237713 2.428129 1.321160 
14.171742 2.064810 3.228072 
9.603461 1.894005 3.777376 
1.160346 0.270760 5.680472 
11.560618 1.457771 6.265143 
10.562300 2.216805 5.017835 
13.539749 0.991945 5.613463 
14.529872 1.303497 3.700441 
2.565958 2.193688 4.277157 
12.044776 0.568236 0.499205 
3.504547 1.431884 2.359637 
6.457127 2.364254 2.941088 
0.985486 1.855830 5.422480 
0.133232 1.579632 4.227875 
9.431258 1.122766 0.382955 
12.411057 0.948673 0.965711 
11.390340 1.700753 6.001014 
13.452948 1.271300 2.234987 
8.830495 2.144827 5.908912 
3.341399 0.474601 5.259469 
