13.195910 
4.616343 
15.687959 
8.724627 
1.120199 
10.755924 
12.721096 
4.789412 
0.540343 
6.475519 
9.565372 
1.541141 
11.159571 
3.457647 
13.723064 
8.581197 
14.266438 
2.860599 
1.904303 
4.555992 
6.879070 
13.435017 
8.569513 
0.466096 
9.340572 
3.715478 
9.922594 
5.007206 
12.409055 
1.896858 
4.243707 
10.629866 
5.893710 
12.016926 
0.408902 
14.508257 
1.456995 
4.623354 
3.430021 
6.465740 
5.160403 
8.231435 
6.992633 
2.816462 
9.137451 
3.833567 
6.969422 
1.323241 
7.805640 
10.118244 
2.243738 
12.790483 
3.926124 
7.317425 
6.457669 
1.645799 
0.744547 
2.683991 
5.834477 
4.880474 
0.244744 
13.540915 
9.954921 
1.201348 
11.940091 
10.156191 
12.088715 
15.047291 
2.471928 
10.753161 
3.228252 
6.323951 
0.958368 
0.136836 
8.864084 
12.750944 
11.145150 
12.929490 
9.237576 
3.279696 
